{
  "cells": [
    {
      "cell_type": "markdown",
      "metadata": {
        "id": "view-in-github",
        "colab_type": "text"
      },
      "source": [
        "<a href=\"https://colab.research.google.com/github/PopaBiancaStefana/Numerical-Calculus/blob/main/CN.ipynb\" target=\"_parent\"><img src=\"https://colab.research.google.com/assets/colab-badge.svg\" alt=\"Open In Colab\"/></a>"
      ]
    },
    {
      "cell_type": "markdown",
      "metadata": {
        "id": "gJ5_06dMdoQj"
      },
      "source": [
        "# Lab1"
      ]
    },
    {
      "cell_type": "code",
      "execution_count": null,
      "metadata": {
        "colab": {
          "base_uri": "https://localhost:8080/"
        },
        "id": "becLVGxtdfi1",
        "outputId": "d19acdd7-8a91-4f4f-a90b-a8ad568aac41"
      },
      "outputs": [
        {
          "name": "stdout",
          "output_type": "stream",
          "text": [
            "Strassen Algo: [[3586. 3763. 3247. ... 3612. 3795. 3867.]\n",
            " [3918. 4262. 4046. ... 4152. 4063. 4092.]\n",
            " [4223. 4508. 4080. ... 4376. 4232. 4406.]\n",
            " ...\n",
            " [3993. 4249. 4136. ... 4158. 4074. 4122.]\n",
            " [4382. 4432. 4382. ... 4488. 4211. 4471.]\n",
            " [3833. 4090. 3884. ... 3905. 3723. 3833.]]\n",
            "Numpy result: [[3586 3763 3247 ... 3612 3795 3867]\n",
            " [3918 4262 4046 ... 4152 4063 4092]\n",
            " [4223 4508 4080 ... 4376 4232 4406]\n",
            " ...\n",
            " [3993 4249 4136 ... 4158 4074 4122]\n",
            " [4382 4432 4382 ... 4488 4211 4471]\n",
            " [3833 4090 3884 ... 3905 3723 3833]]\n"
          ]
        }
      ],
      "source": [
        "import math\n",
        "import numpy as np\n",
        "\n",
        "\n",
        "def ex1():\n",
        "    m = -1\n",
        "    u = 10 ** m\n",
        "\n",
        "    while (1 + u) != 1:\n",
        "        m -= 1\n",
        "        u = 10 ** m\n",
        "\n",
        "    u = pow(10, m + 1)\n",
        "    print(\"u = \" + str(u))\n",
        "    return u\n",
        "\n",
        "\n",
        "def ex2():\n",
        "    u = ex1()\n",
        "    x = 1.0\n",
        "    y = u\n",
        "    z = u\n",
        "\n",
        "    print(\"(x+y)+z = \" + str((x + y) + z))\n",
        "    print(\"x+(y+z) = \" + str(x + (y + z)))\n",
        "\n",
        "    a = 0\n",
        "    while (a * y) * z == a * (y * z):\n",
        "        a += 1\n",
        "\n",
        "    print(\"a = \", a, \", y = \", y, \", z = \", z)\n",
        "    print(\"(a * y) * z: \", (a * y) * z)\n",
        "    print(\"a * (y * z): \", a * (y * z))\n",
        "\n",
        "\n",
        "\n",
        "def generate_rand_matrix(n):\n",
        "    return np.random.randint(10, size=(n, n))\n",
        "\n",
        "\n",
        "def nearestPowerOf2(n):\n",
        "    a = int(math.log2(n))\n",
        "\n",
        "    if 2 ** a == n:\n",
        "        return n\n",
        "\n",
        "    return 2 ** (a + 1)\n",
        "\n",
        "\n",
        "def pad_matrix(matrix):\n",
        "    n, _ = matrix.shape\n",
        "    next_pow_two = nearestPowerOf2(n)\n",
        "\n",
        "    padding_val = next_pow_two - n\n",
        "    padded = np.pad(matrix, pad_width=((0, padding_val), (0, padding_val)))\n",
        "\n",
        "    return padded\n",
        "\n",
        "\n",
        "def is_power_of_two(n):\n",
        "    return math.log2(n).is_integer()\n",
        "\n",
        "\n",
        "def remove_padding(matrix, initial_dim):\n",
        "    matrix = matrix[:initial_dim, :initial_dim]\n",
        "    return matrix\n",
        "\n",
        "\n",
        "def split_matrix(matrix):\n",
        "\n",
        "    row, col = matrix.shape\n",
        "    row2, col2 = row // 2, col // 2\n",
        "    return matrix[:row2, :col2], matrix[:row2, col2:], matrix[row2:, :col2], matrix[row2:, col2:]\n",
        "\n",
        "\n",
        "def my_mult(A, B):\n",
        "    n, _ = A.shape\n",
        "    result = np.zeros((n, n))\n",
        "    for i in range(0, n):\n",
        "        for j in range(0, n):\n",
        "            for k in range(0, n):\n",
        "                result[i, j] += A[i, k] * B[k, j]\n",
        "    return result\n",
        "\n",
        "\n",
        "def strassen_algo(A, B, n_min):\n",
        "\n",
        "    # Base case when blocks are 1x1\n",
        "    if len(A) <= n_min:\n",
        "        return my_mult(A, B)\n",
        "\n",
        "    # We split the matrices into quadrants recursively\n",
        "    a11, a12, a21, a22 = split_matrix(A)\n",
        "    b11, b12, b21, b22 = split_matrix(B)\n",
        "\n",
        "    # Computing the 7 products, recursively (p1, p2...p7)\n",
        "    p1 = strassen_algo(a11 + a22, b11 + b22, n_min)\n",
        "    p2 = strassen_algo(a21 + a22, b11, n_min)\n",
        "    p3 = strassen_algo(a11, b12 - b22, n_min)\n",
        "    p4 = strassen_algo(a22, b21 - b11, n_min)\n",
        "    p5 = strassen_algo(a11 + a12, b22, n_min)\n",
        "    p6 = strassen_algo(a21 - a11, b11 + b12, n_min)\n",
        "    p7 = strassen_algo(a12 - a22, b21 + b22, n_min)\n",
        "\n",
        "    # Computing the values of the 4 quadrants of the final matrix c\n",
        "    c11 = p1 + p4 - p5 + p7\n",
        "    c12 = p3 + p5\n",
        "    c21 = p2 + p4\n",
        "    c22 = p1 + p3 - p2 + p6\n",
        "\n",
        "    # Concatenate C1, C2, C3, C4\n",
        "    result = np.vstack((np.hstack((c11, c12)), np.hstack((c21, c22))))\n",
        "\n",
        "    return result\n",
        "\n",
        "\n",
        "def multiply(matrix1, matrix2):\n",
        "    n, _ = matrix1.shape\n",
        "    if not is_power_of_two(n):\n",
        "        matrix1 = pad_matrix(matrix1)\n",
        "        matrix2 = pad_matrix(matrix2)\n",
        "\n",
        "    result = strassen_algo(matrix1, matrix2, 4)\n",
        "    return remove_padding(result, n)\n",
        "\n",
        "\n",
        "if __name__ == '__main__':\n",
        "    x = np.array([[1, 1, 1, 1], [2, 2, 2, 2], [3, 3, 3, 3], [2, 2, 2, 2]])\n",
        "    y = np.array([[1, 1, 1, 1], [2, 2, 2, 2], [3, 3, 3, 3], [2, 2, 2, 2]])\n",
        "\n",
        "    z = np.array([[1, 1, 1], [2, 2, 2], [3, 3, 3]])\n",
        "    m = np.array([[1, 1, 1], [2, 2, 2], [3, 3, 3]])\n",
        "\n",
        "    z = generate_rand_matrix(200)\n",
        "    m = z.copy()\n",
        "    numpy_matrix_mult = np.matmul(m, m)\n",
        "\n",
        "    print('Strassen Algo:', multiply(z, z))\n",
        "    print('Numpy result:', numpy_matrix_mult)\n",
        "\n"
      ]
    },
    {
      "cell_type": "markdown",
      "metadata": {
        "id": "bIGkQM_cAcgk"
      },
      "source": [
        "# Lab2\n"
      ]
    },
    {
      "cell_type": "code",
      "execution_count": null,
      "metadata": {
        "colab": {
          "base_uri": "https://localhost:8080/",
          "height": 374
        },
        "id": "4a5QDVLfAzBD",
        "outputId": "1bd633cd-851d-4e08-eb13-74e007d9553b"
      },
      "outputs": [
        {
          "ename": "ModuleNotFoundError",
          "evalue": "ignored",
          "output_type": "error",
          "traceback": [
            "\u001b[0;31m---------------------------------------------------------------------------\u001b[0m",
            "\u001b[0;31mModuleNotFoundError\u001b[0m                       Traceback (most recent call last)",
            "\u001b[0;32m<ipython-input-26-ddd3e70b5686>\u001b[0m in \u001b[0;36m<module>\u001b[0;34m\u001b[0m\n\u001b[1;32m      6\u001b[0m \u001b[0;32mimport\u001b[0m \u001b[0mscipy\u001b[0m\u001b[0;34m.\u001b[0m\u001b[0mlinalg\u001b[0m\u001b[0;34m\u001b[0m\u001b[0;34m\u001b[0m\u001b[0m\n\u001b[1;32m      7\u001b[0m \u001b[0;34m\u001b[0m\u001b[0m\n\u001b[0;32m----> 8\u001b[0;31m \u001b[0;32mfrom\u001b[0m \u001b[0mcolorama\u001b[0m \u001b[0;32mimport\u001b[0m \u001b[0mFore\u001b[0m\u001b[0;34m\u001b[0m\u001b[0;34m\u001b[0m\u001b[0m\n\u001b[0m\u001b[1;32m      9\u001b[0m \u001b[0;32mfrom\u001b[0m \u001b[0mcopy\u001b[0m \u001b[0;32mimport\u001b[0m \u001b[0mdeepcopy\u001b[0m\u001b[0;34m\u001b[0m\u001b[0;34m\u001b[0m\u001b[0m\n\u001b[1;32m     10\u001b[0m \u001b[0;34m\u001b[0m\u001b[0m\n",
            "\u001b[0;31mModuleNotFoundError\u001b[0m: No module named 'colorama'",
            "",
            "\u001b[0;31m---------------------------------------------------------------------------\u001b[0;32m\nNOTE: If your import is failing due to a missing package, you can\nmanually install dependencies using either !pip or !apt.\n\nTo view examples of installing some common dependencies, click the\n\"Open Examples\" button below.\n\u001b[0;31m---------------------------------------------------------------------------\u001b[0m\n"
          ]
        }
      ],
      "source": [
        "import random\n",
        "from functools import reduce\n",
        "from math import sqrt\n",
        "\n",
        "import numpy as np\n",
        "import scipy.linalg\n",
        "\n",
        "from colorama import Fore\n",
        "from copy import deepcopy\n",
        "\n",
        "epsilon = 0\n",
        "\n",
        "\n",
        "def is_positive_definite(matrix, n):\n",
        "    for i in range(n):\n",
        "        if matrix[i][i] < sum(matrix[i][j] for j in range(n) if j != i):\n",
        "            return False\n",
        "    return True\n",
        "\n",
        "\n",
        "def is_symmetric(matrix, n):\n",
        "    for i in range(n):\n",
        "        for j in range(i + 1, n):\n",
        "            if matrix[i][j] != matrix[j][i]:\n",
        "                return False\n",
        "    return True\n",
        "\n",
        "\n",
        "def read_data_from_file(file_name):\n",
        "    global epsilon\n",
        "    matrix = []\n",
        "    b = []\n",
        "    with open(file_name, 'r') as file:\n",
        "        epsilon = float(file.readline())\n",
        "        n = int(file.readline())\n",
        "\n",
        "        for _ in range(n):\n",
        "            matrix.append([float(num) for num in file.readline().split(' ')])\n",
        "\n",
        "        for _ in range(n):\n",
        "            b.append([float(file.readline())])\n",
        "\n",
        "    return epsilon, n, matrix, b\n",
        "\n",
        "\n",
        "def generate_random_data():\n",
        "    global epsilon\n",
        "    epsilon = float(input('epsilon = '))\n",
        "    n = int(input('n = '))\n",
        "\n",
        "    matrix = [[0.0 for _ in range(n)] for _ in range(n)]\n",
        "    for i in range(n):\n",
        "        for j in range(i + 1, n):\n",
        "            matrix[i][j] = round(random.uniform(0.1, 100.0), 2)\n",
        "            matrix[j][i] = matrix[i][j]\n",
        "        matrix[i][i] = round(sum(matrix[i][k] for k in range(n)) + 1.0, 2)\n",
        "\n",
        "    b = [[round(random.uniform(0.1, 100.0), 2)] for _ in range(n)]\n",
        "    print('Random matrix:', matrix)\n",
        "    print('b:', b)\n",
        "    if not is_symmetric(matrix, n) or not is_positive_definite(matrix, n):\n",
        "        print(Fore.RED + 'Invalid Matrix.')\n",
        "    return epsilon, n, matrix, b\n",
        "\n",
        "\n",
        "def initialize():\n",
        "    option = input('How do you want to introduce data? ')\n",
        "    if option == '1':\n",
        "        file_name = input('Please enter the name of the file: ')\n",
        "        return read_data_from_file(file_name)\n",
        "    elif option == '2':\n",
        "        return generate_random_data()\n",
        "    else:\n",
        "        error_msg = 'Invalid option. Try 1 (reading from file) or 2 (generate random data)'\n",
        "        raise ValueError(Fore.RED + error_msg)\n",
        "\n",
        "\n",
        "def cholesky_decomposition(matrix, n):\n",
        "    d = [0.0 for _ in range(n)]\n",
        "    for p in range(n):\n",
        "        d[p] = matrix[p][p] - sum(d[k] * matrix[p][k] ** 2 for k in range(p))\n",
        "        for i in range(p + 1, n):\n",
        "            if d[p] >= epsilon:\n",
        "                matrix[i][p] = (matrix[i][p] - sum(\n",
        "                    d[k] * matrix[i][k] * matrix[p][k] for k in range(p))) / d[p]\n",
        "\n",
        "    return matrix, d\n",
        "\n",
        "\n",
        "def compute_determinant(d):\n",
        "    determinant_l = 1  # the product of the elements of the diagonal is 1 for triangular matrix\n",
        "    determinant_lt = 1\n",
        "    determinant_d = reduce((lambda l1, l2: l1 * l2), d)\n",
        "\n",
        "    return determinant_l * determinant_d * determinant_lt\n",
        "\n",
        "\n",
        "def forward_substitution(matrix, b, n):\n",
        "    solution = [[b[0][0]]]\n",
        "    for i in range(1, n):\n",
        "        result = b[i][0]\n",
        "        for j in range(i):\n",
        "            result -= matrix[i][j] * solution[j][0]\n",
        "        solution.append([result])\n",
        "\n",
        "    return solution\n",
        "\n",
        "\n",
        "def backward_substitution(matrix, b, n):\n",
        "    solution = [[0.0] for _ in range(n)]\n",
        "    solution[n - 1][0] = b[n - 1][0]\n",
        "\n",
        "    for i in range(n - 2, -1, -1):\n",
        "        result = b[i][0]\n",
        "        for j in range(i + 1, n):\n",
        "            result -= matrix[j][i] * solution[j][0]\n",
        "\n",
        "        solution[i][0] = result\n",
        "\n",
        "    return solution\n",
        "\n",
        "\n",
        "def diag_matrix_sol(matrix, b, n):\n",
        "    solution = [[0.0] for _ in range(n)]\n",
        "    for i in range(n):\n",
        "        if matrix[i] >= epsilon:\n",
        "            solution[i] = [b[i][0] / matrix[i]]\n",
        "\n",
        "    return solution\n",
        "\n",
        "\n",
        "def find_solution(L, d, b, n):\n",
        "    determinant = compute_determinant(d)\n",
        "    if determinant <= epsilon:\n",
        "        raise ValueError(Fore.RED + 'Determinant is zero. The Matrix must be non-singular')\n",
        "    z = forward_substitution(L, b, n)\n",
        "    y = diag_matrix_sol(d, z, n)\n",
        "    x = backward_substitution(L, y, n)\n",
        "\n",
        "    print('Solution:', x)\n",
        "    return x\n",
        "\n",
        "\n",
        "def lu_decomposition(matrix):\n",
        "    _, L, U = scipy.linalg.lu(matrix)\n",
        "    print(Fore.YELLOW + 'LU decomposition:')\n",
        "    print('L:\\n{}\\n'.format(L))\n",
        "    print('U:\\n{}\\n'.format(U))\n",
        "\n",
        "\n",
        "def find_solution_with_lib(matrix, b):\n",
        "    x = np.linalg.solve(matrix, b)\n",
        "    print(Fore.YELLOW + 'System solution using library:')\n",
        "    print('x:\\n{}\\n'.format(x))\n",
        "    return x\n",
        "\n",
        "\n",
        "def euclidian_norm(vector, n):\n",
        "    result = 0\n",
        "    for i in range(n):\n",
        "        result += sqrt(vector[i][0] ** 2)\n",
        "\n",
        "    return result\n",
        "\n",
        "\n",
        "def my_mult(A, B, n):\n",
        "    result = []\n",
        "    for i in range(n):\n",
        "        temp = 0\n",
        "        for k in range(n):\n",
        "            temp += A[i][k] * B[k][0]\n",
        "        result.append([temp])\n",
        "    return result\n",
        "\n",
        "\n",
        "def subtraction(matrix1, matrix2, n):\n",
        "    result = []\n",
        "    for i in range(n):\n",
        "        result.append([matrix1[i][0] - matrix2[i][0]])\n",
        "    return result\n",
        "\n",
        "\n",
        "def verify_solution(A_init, x, b, n):\n",
        "    result = my_mult(A_init, x, n)\n",
        "    result = subtraction(result, b, n)\n",
        "    if euclidian_norm(result, n) < 10 ** (-8):\n",
        "        print('Congratulations! Your solution is correct.')\n",
        "    else:\n",
        "        error_msg = \"I'm sorry! Your solution is wrong, check out the problem with pen and paper.\"\n",
        "        raise ValueError(Fore.RED + error_msg)\n",
        "\n",
        "\n",
        "def bonus(A, d, n):\n",
        "    for p in range(n):\n",
        "        x = d[p] + sum(d[k] * A[p][k] * A[p][k] for k in range(p))\n",
        "        if A[p][p] - x > 10 ** (-5):\n",
        "            return 'Your decomposition is wrong!'\n",
        "        for i in range(p + 1, n):\n",
        "            if d[p] >= epsilon:\n",
        "                x = A[i][p] * d[p] + sum(d[k] * A[i][k] * A[p][k] for k in range(p))\n",
        "                if A[p][i] - x > 10 ** (-5):\n",
        "                    return 'Your decomposition is wrong!'\n",
        "    return 'Your decomposition is right!'\n",
        "\n",
        "\n",
        "if __name__ == '__main__':\n",
        "    try:\n",
        "        epsilon, n, A, b = initialize()\n",
        "        A_init = deepcopy(A)\n",
        "        A, d = cholesky_decomposition(A, n)\n",
        "        print('A=', A)\n",
        "        print('d=', d)\n",
        "        print(compute_determinant(d))\n",
        "        x = find_solution(A, d, b, n)\n",
        "        lu_decomposition(A_init)\n",
        "        y = find_solution_with_lib(A_init, b)\n",
        "        verify_solution(A_init, x, b, n)\n",
        "        print(bonus(A, d, n))\n",
        "\n",
        "    except ValueError as exception:\n",
        "        print(exception)\n"
      ]
    },
    {
      "cell_type": "markdown",
      "metadata": {
        "id": "JuiHdE9RB3ru"
      },
      "source": [
        "# Lab3"
      ]
    },
    {
      "cell_type": "code",
      "execution_count": null,
      "metadata": {
        "colab": {
          "base_uri": "https://localhost:8080/"
        },
        "id": "AyodTuoZB98v",
        "outputId": "add6a924-84ba-44b2-b8ff-fdbdf374ed6f"
      },
      "outputs": [
        {
          "name": "stdout",
          "output_type": "stream",
          "text": [
            "type: 1 - read from file or 2 - generate random data 2\n",
            "epsilon = 0.000000001\n",
            "n = 10\n",
            "A :  [[56.19 36.23  8.58 43.47 66.89 41.43 76.94 52.81 29.36 78.86]\n",
            " [25.38 74.19 62.1  52.17 24.48 56.   48.49  5.86 29.83 75.38]\n",
            " [ 5.83  6.73 89.83 68.13 78.76 13.03  7.24 54.76 19.18 15.9 ]\n",
            " [88.77 64.11 51.2  93.65 26.9  43.    0.63 72.46 71.74 51.24]\n",
            " [51.52 25.56 86.89 29.43 34.46 80.81 83.07  6.56  4.99 85.15]\n",
            " [98.99 22.14 89.65 32.68  4.84 86.41 12.36 99.22 23.04 52.71]\n",
            " [75.3   7.9  54.73 35.46 47.41 51.42 32.17 43.38 67.45 32.25]\n",
            " [ 3.42 47.42 53.42 37.31 61.53 43.75 49.62 28.81 96.54 85.33]\n",
            " [88.92 65.98 23.81 96.38 43.22 99.65 22.51 60.61  6.04 59.33]\n",
            " [36.03 37.41 66.42  8.84 42.66 54.75 54.41 25.18 16.52 39.57]]\n",
            "s:  [67.18, 68.96, 15.75, 82.52, 34.2, 35.14, 8.58, 81.14, 55.84, 97.98] \n",
            "\n",
            "b: [28050.3464 24852.3344 18178.3753 36261.2588 22905.6653 30095.4781\n",
            " 23542.0503 27576.536  35093.1947 17468.2562] \n",
            "\n",
            "Qt householder:  [[-0.2843265  -0.1284251  -0.02950033 -0.44918426 -0.26069588 -0.50089838\n",
            "  -0.38102483 -0.01730551 -0.44994327 -0.18231507]\n",
            " [-0.06233968 -0.64639333 -0.03823166 -0.17196918  0.02472563  0.33586204\n",
            "   0.35108177 -0.48720398 -0.19109446 -0.19156324]\n",
            " [ 0.27828427 -0.10827382 -0.64109922  0.1766262  -0.37782791 -0.23297491\n",
            "  -0.10688394 -0.2224334   0.39371397 -0.23598072]\n",
            " [-0.02565353  0.17620902 -0.68802738 -0.25270502  0.17375929  0.28238305\n",
            "  -0.03177057  0.033042   -0.31583524  0.46825769]\n",
            " [ 0.66084614 -0.27693735  0.10039004 -0.33983799 -0.02788345 -0.31697752\n",
            "   0.30292997  0.28761349 -0.02241264  0.29116562]\n",
            " [-0.18389325 -0.05550933 -0.05636596 -0.60694451  0.38189623  0.0540273\n",
            "  -0.116424    0.11068846  0.62316081 -0.16924443]\n",
            " [ 0.35981312  0.19193954 -0.07328871  0.09294132  0.68451742 -0.25261749\n",
            "  -0.08039748 -0.27876127 -0.25656819 -0.37054808]\n",
            " [-0.43790839  0.0934154  -0.1012989   0.08759118  0.14498326 -0.55709809\n",
            "   0.56438419 -0.21476891  0.12950648  0.26224144]\n",
            " [-0.16102169 -0.09639048 -0.28163499  0.13031291  0.05558125  0.02874771\n",
            "   0.3626644   0.67391596 -0.17817234 -0.49712362]\n",
            " [-0.13957218 -0.62311788 -0.07121759  0.39552523  0.34523087 -0.15455096\n",
            "  -0.39659586  0.1969637   0.0556337   0.29746114]] \n",
            "\n",
            "R householder:  [[-197.62491366 -106.91641154 -148.22083945 -146.31121939  -94.33018112\n",
            "  -178.18823825  -89.61134744 -150.22966968  -90.91091435 -151.86260803]\n",
            " [   0.          -93.53321893  -44.74195241  -69.27756073  -54.9171545\n",
            "   -48.4468763   -57.92520626   -3.36026189  -53.99395878  -92.42066617]\n",
            " [   0.            0.         -130.63013491  -15.65078163  -55.72970096\n",
            "   -34.87002991  -41.08783582  -26.96479548  -32.14101576  -40.21744533]\n",
            " [   0.            0.            0.          -74.31604063  -44.1823846\n",
            "    21.39184548   38.34044348  -34.92996863  -12.57420982   18.63669695]\n",
            " [   0.            0.            0.            0.           77.20583328\n",
            "    10.78977055   71.04986692    9.91607108   34.11812066   40.84276347]\n",
            " [   0.            0.            0.            0.            0.\n",
            "    49.6571912    21.32680034  -17.58999471  -44.72675711   20.64957367]\n",
            " [   0.            0.            0.            0.            0.\n",
            "     0.           47.90422976  -34.12629163  -20.85851182   35.14718149]\n",
            " [   0.            0.            0.            0.            0.\n",
            "     0.            0.          -43.35485929    4.60676699  -23.69792676]\n",
            " [   0.            0.            0.            0.            0.\n",
            "     0.            0.            0.           77.51657851   27.44221564]\n",
            " [   0.            0.            0.            0.            0.\n",
            "     0.            0.            0.            0.            1.49507393]] \n",
            "\n",
            "Q library:  [[-0.2843265  -0.06233968  0.27828427 -0.02565353  0.66084614 -0.18389325\n",
            "   0.35981312 -0.43790839 -0.16102169 -0.13957218]\n",
            " [-0.1284251  -0.64639333 -0.10827382  0.17620902 -0.27693735 -0.05550933\n",
            "   0.19193954  0.0934154  -0.09639048 -0.62311788]\n",
            " [-0.02950033 -0.03823166 -0.64109922 -0.68802738  0.10039004 -0.05636596\n",
            "  -0.07328871 -0.1012989  -0.28163499 -0.07121759]\n",
            " [-0.44918426 -0.17196918  0.1766262  -0.25270502 -0.33983799 -0.60694451\n",
            "   0.09294132  0.08759118  0.13031291  0.39552523]\n",
            " [-0.26069588  0.02472563 -0.37782791  0.17375929 -0.02788345  0.38189623\n",
            "   0.68451742  0.14498326  0.05558125  0.34523087]\n",
            " [-0.50089838  0.33586204 -0.23297491  0.28238305 -0.31697752  0.0540273\n",
            "  -0.25261749 -0.55709809  0.02874771 -0.15455096]\n",
            " [-0.38102483  0.35108177 -0.10688394 -0.03177057  0.30292997 -0.116424\n",
            "  -0.08039748  0.56438419  0.3626644  -0.39659586]\n",
            " [-0.01730551 -0.48720398 -0.2224334   0.033042    0.28761349  0.11068846\n",
            "  -0.27876127 -0.21476891  0.67391596  0.1969637 ]\n",
            " [-0.44994327 -0.19109446  0.39371397 -0.31583524 -0.02241264  0.62316081\n",
            "  -0.25656819  0.12950648 -0.17817234  0.0556337 ]\n",
            " [-0.18231507 -0.19156324 -0.23598072  0.46825769  0.29116562 -0.16924443\n",
            "  -0.37054808  0.26224144 -0.49712362  0.29746114]]\n",
            "R library:  [[-197.62491366 -106.91641154 -148.22083945 -146.31121939  -94.33018112\n",
            "  -178.18823825  -89.61134744 -150.22966968  -90.91091435 -151.86260803]\n",
            " [   0.          -93.53321893  -44.74195241  -69.27756073  -54.9171545\n",
            "   -48.4468763   -57.92520626   -3.36026189  -53.99395878  -92.42066617]\n",
            " [   0.            0.         -130.63013491  -15.65078163  -55.72970096\n",
            "   -34.87002991  -41.08783582  -26.96479548  -32.14101576  -40.21744533]\n",
            " [   0.            0.            0.          -74.31604063  -44.1823846\n",
            "    21.39184548   38.34044348  -34.92996863  -12.57420982   18.63669695]\n",
            " [   0.            0.            0.            0.           77.20583328\n",
            "    10.78977055   71.04986692    9.91607108   34.11812066   40.84276347]\n",
            " [   0.            0.            0.            0.            0.\n",
            "    49.6571912    21.32680034  -17.58999471  -44.72675711   20.64957367]\n",
            " [   0.            0.            0.            0.            0.\n",
            "     0.           47.90422976  -34.12629163  -20.85851182   35.14718149]\n",
            " [   0.            0.            0.            0.            0.\n",
            "     0.            0.          -43.35485929    4.60676699  -23.69792676]\n",
            " [   0.            0.            0.            0.            0.\n",
            "     0.            0.            0.           77.51657851   27.44221564]\n",
            " [   0.            0.            0.            0.            0.\n",
            "     0.            0.            0.            0.            1.49507393]] \n",
            "\n",
            "x_QR:  [67.17999999999488, 68.95999999999856, 15.749999999999265, 82.5200000000053, 34.199999999993494, 35.14000000000278, 8.580000000008791, 81.1400000000041, 55.84000000000236, 97.97999999999331]\n",
            "x_householder:  [67.17999999999606, 68.95999999999896, 15.749999999999389, 82.52000000000406, 34.19999999999488, 35.14000000000234, 8.580000000007244, 81.14000000000331, 55.84000000000188, 97.97999999999433] \n",
            "\n",
            "||x_QR - x_householder ||:  8.599343459536612e-12 \n",
            "\n",
            "||A_init * x_householder - b_init||:  5.4569682106375694e-11 \n",
            "\n",
            "||A_init * x_QR - b_init||:  6.548361852765083e-11 \n",
            "\n",
            "||x_householder - s || / ||s||:  6.436287183267915e-14 \n",
            "\n",
            "||x_QR - s || / ||s||:  8.007546197599733e-14 \n",
            "\n",
            "Congratulations! Your solution is correct.\n",
            "\n",
            "A inverse householder: \n",
            " [[-6.63165393e-02 -2.93571620e-01 -3.67398787e-02  1.93653749e-01\n",
            "   1.59729041e-01 -7.96309267e-02 -1.73891726e-01  7.87790539e-02\n",
            "   2.42786430e-02  1.53203307e-01]\n",
            " [-1.95732058e-02 -7.60672058e-02 -1.26434605e-02  5.82423176e-02\n",
            "   3.37362493e-02 -2.40301020e-02 -5.79361110e-02  2.21893366e-02\n",
            "   7.28553003e-03  6.14339573e-02]\n",
            " [-1.37208146e-02 -3.63378951e-02 -3.46445072e-04  2.81645688e-02\n",
            "   2.46278276e-02 -8.84470623e-03 -2.49100197e-02  8.91075609e-03\n",
            "  -2.21921163e-03  2.34352802e-02]\n",
            " [ 7.42079878e-02  3.20167078e-01  4.09121017e-02 -1.98630216e-01\n",
            "  -1.63804724e-01  7.86452685e-02  1.97866133e-01 -9.85734473e-02\n",
            "  -2.73724660e-02 -1.76958513e-01]\n",
            " [-9.24730467e-02 -4.02279545e-01 -4.08755621e-02  2.48383406e-01\n",
            "   2.08899002e-01 -1.09073156e-01 -2.42371147e-01  1.21505319e-01\n",
            "   4.28531828e-02  2.12445022e-01]\n",
            " [ 2.76894174e-02  1.55207003e-01  1.52005172e-02 -1.12898225e-01\n",
            "  -8.62084614e-02  4.36870225e-02  1.02337382e-01 -3.90558592e-02\n",
            "  -1.14680197e-03 -8.09115836e-02]\n",
            " [ 1.35382563e-01  5.45332309e-01  6.03950179e-02 -3.43625026e-01\n",
            "  -2.88843910e-01  1.38872625e-01  3.37358280e-01 -1.69642342e-01\n",
            "  -5.71834989e-02 -2.74773728e-01]\n",
            " [ 6.44195774e-02  2.41205045e-01  2.97796967e-02 -1.56398603e-01\n",
            "  -1.38171606e-01  7.32820383e-02  1.42454606e-01 -7.10887361e-02\n",
            "  -2.49709918e-02 -1.22967176e-01]\n",
            " [ 3.09719310e-02  1.46304108e-01  1.32303332e-02 -9.19750100e-02\n",
            "  -8.10299205e-02  3.69668595e-02  9.85881594e-02 -3.79450492e-02\n",
            "  -1.54719671e-02 -7.68487152e-02]\n",
            " [-9.33547004e-02 -4.16780646e-01 -4.76348253e-02  2.64552290e-01\n",
            "   2.30912238e-01 -1.03373459e-01 -2.65268392e-01  1.31741780e-01\n",
            "   3.72113399e-02  1.98960824e-01]] \n",
            "\n",
            "A inverse with library: \n",
            " [[-6.63165393e-02 -2.93571620e-01 -3.67398787e-02  1.93653749e-01\n",
            "   1.59729041e-01 -7.96309267e-02 -1.73891726e-01  7.87790539e-02\n",
            "   2.42786430e-02  1.53203307e-01]\n",
            " [-1.95732058e-02 -7.60672058e-02 -1.26434605e-02  5.82423176e-02\n",
            "   3.37362493e-02 -2.40301020e-02 -5.79361110e-02  2.21893366e-02\n",
            "   7.28553003e-03  6.14339573e-02]\n",
            " [-1.37208146e-02 -3.63378951e-02 -3.46445072e-04  2.81645688e-02\n",
            "   2.46278276e-02 -8.84470623e-03 -2.49100197e-02  8.91075609e-03\n",
            "  -2.21921163e-03  2.34352802e-02]\n",
            " [ 7.42079878e-02  3.20167078e-01  4.09121017e-02 -1.98630216e-01\n",
            "  -1.63804724e-01  7.86452685e-02  1.97866133e-01 -9.85734473e-02\n",
            "  -2.73724660e-02 -1.76958513e-01]\n",
            " [-9.24730467e-02 -4.02279545e-01 -4.08755621e-02  2.48383406e-01\n",
            "   2.08899002e-01 -1.09073156e-01 -2.42371147e-01  1.21505319e-01\n",
            "   4.28531828e-02  2.12445022e-01]\n",
            " [ 2.76894174e-02  1.55207003e-01  1.52005172e-02 -1.12898225e-01\n",
            "  -8.62084614e-02  4.36870225e-02  1.02337382e-01 -3.90558592e-02\n",
            "  -1.14680197e-03 -8.09115836e-02]\n",
            " [ 1.35382563e-01  5.45332309e-01  6.03950179e-02 -3.43625026e-01\n",
            "  -2.88843910e-01  1.38872625e-01  3.37358280e-01 -1.69642342e-01\n",
            "  -5.71834989e-02 -2.74773728e-01]\n",
            " [ 6.44195774e-02  2.41205045e-01  2.97796967e-02 -1.56398603e-01\n",
            "  -1.38171606e-01  7.32820383e-02  1.42454606e-01 -7.10887361e-02\n",
            "  -2.49709918e-02 -1.22967176e-01]\n",
            " [ 3.09719310e-02  1.46304108e-01  1.32303332e-02 -9.19750100e-02\n",
            "  -8.10299205e-02  3.69668595e-02  9.85881594e-02 -3.79450492e-02\n",
            "  -1.54719671e-02 -7.68487152e-02]\n",
            " [-9.33547004e-02 -4.16780646e-01 -4.76348253e-02  2.64552290e-01\n",
            "   2.30912238e-01 -1.03373459e-01 -2.65268392e-01  1.31741780e-01\n",
            "   3.72113399e-02  1.98960824e-01]] \n",
            "\n",
            "||A_inv_householder - A_inv_bib||:  3.614469834545275e-14 \n",
            "\n",
            "!Bonus! - matricea Ak+1 este in forma Schur reala - superior Hessenberg si bloc diagonala (slide 16).\n",
            "Ak+1 este asemenea cu matricea A, valorile proprii ale acesteia fiind usor de calculat : \n",
            " [[ 3.59195247e+02  1.38274090e+02  1.45954039e+02  1.39607839e+01\n",
            "  -1.19570041e+02  5.66367791e+01  1.47578329e+01  9.44362465e+01\n",
            "   1.23913472e+01 -2.41714599e+00]\n",
            " [ 1.46306935e+02  6.57770839e+01  6.61011663e+01 -1.59080688e+01\n",
            "   1.76288820e+01  1.45381228e+01  7.22757273e+00 -5.44451286e+01\n",
            "   4.04365325e+01  1.44116324e+01]\n",
            " [ 8.07945671e+01  7.15450849e+00  1.17388294e+02  6.60354325e+01\n",
            "  -2.63800300e+01 -1.77281713e+01  1.27488965e+01 -8.89930441e+00\n",
            "   2.32971386e+01 -1.35046039e+01]\n",
            " [ 2.24403703e+01  4.81837467e+01 -7.09351420e+00  2.74695323e+01\n",
            "   2.69829629e+01  1.00683663e+01 -3.95795993e+01  7.56699203e+00\n",
            "  -2.81846003e+01 -6.51945761e+01]\n",
            " [-7.55726575e+01  1.13022445e+01 -3.76893438e+01  2.28816639e+01\n",
            "   2.99295813e+01  3.72419093e+01  1.77587739e+01  5.82815333e+01\n",
            "   1.06684255e+01  1.28085431e+01]\n",
            " [-1.63350687e+01  3.73266681e+01 -3.24182201e+01  3.65591834e+01\n",
            "  -7.32391544e+00 -3.31139041e+01 -5.53168318e+00 -1.22268641e+01\n",
            "  -4.98849660e+00 -1.59431473e+01]\n",
            " [-1.46848421e+01  3.06978050e+01 -1.40357102e+01  2.03962452e+01\n",
            "   1.53975902e+01 -2.83012604e+01 -2.01038062e+00  4.08813914e+01\n",
            "  -1.93811784e+01 -1.64257753e+01]\n",
            " [ 2.99798334e+00  2.47819843e+01  1.70495712e+01 -1.39842470e+01\n",
            "  -1.94727136e+01  2.08261605e+00  1.96849272e+01  3.69330371e+00\n",
            "  -1.82575307e+01 -1.53322544e+01]\n",
            " [-3.98811923e+01 -2.00699087e+01  2.40435257e+01 -1.16324388e+01\n",
            "   6.25287835e+00  4.36608513e+01 -3.00569488e+01  1.72353851e+01\n",
            "  -2.74534837e+01  1.24755272e+01]\n",
            " [-2.72574508e-01 -2.86401213e-01 -3.52808626e-01  7.00079860e-01\n",
            "   4.35314125e-01 -2.53032939e-01 -5.53996774e-01  3.92070334e-01\n",
            "  -7.43236570e-01  4.44726396e-01]]\n"
          ]
        }
      ],
      "source": [
        "import random\n",
        "from math import sqrt\n",
        "# from colorama import Fore\n",
        "import scipy.linalg\n",
        "import numpy as np\n",
        "from copy import deepcopy\n",
        "\n",
        "epsilon = 0\n",
        "\n",
        "\n",
        "def read_data_from_file(file_name):\n",
        "    global epsilon\n",
        "    A = []\n",
        "    s = []\n",
        "    with open(file_name, 'r') as file:\n",
        "        epsilon = float(file.readline())\n",
        "        n = int(file.readline())\n",
        "\n",
        "        for _ in range(n):\n",
        "            A.append([float(num) for num in file.readline().split(' ')])\n",
        "\n",
        "        for _ in range(n):\n",
        "            s.append(float(file.readline()))\n",
        "\n",
        "    return epsilon, n, np.array(A), s\n",
        "\n",
        "\n",
        "def generate_random_data():\n",
        "    global epsilon\n",
        "    epsilon = float(input('epsilon = '))\n",
        "    n = int(input('n = '))\n",
        "\n",
        "    A = [[0.0 for _ in range(n)] for _ in range(n)]\n",
        "    for i in range(n):\n",
        "        for j in range(n):\n",
        "            A[i][j] = round(random.uniform(0.1, 100.0), 2)\n",
        "\n",
        "    s = [round(random.uniform(0.1, 100.0), 2) for _ in range(n)]\n",
        "\n",
        "    return epsilon, n, np.array(A), s\n",
        "\n",
        "\n",
        "def initialize():\n",
        "    option = input('type: 1 - read from file or 2 - generate random data ')\n",
        "    if option == '1':\n",
        "        file_name = input('Please enter the name of the file: ')\n",
        "        return read_data_from_file(file_name)\n",
        "    elif option == '2':\n",
        "        return generate_random_data()\n",
        "    else:\n",
        "        error_msg = 'Invalid option. Try 1 (read from file) or 2 (generate random data)'\n",
        "        raise ValueError(error_msg)\n",
        "\n",
        "\n",
        "def matrix_vector_mult(A, s, n):\n",
        "    result = []\n",
        "    for i in range(n):\n",
        "        temp = 0\n",
        "        for k in range(n):\n",
        "            temp += A[i][k] * s[k]\n",
        "        result.append(temp)\n",
        "\n",
        "    return np.array(result)\n",
        "\n",
        "\n",
        "def householder_decomposition(A, n):\n",
        "    u = [0.0 for _ in range(n)]\n",
        "    Qt = np.array([[float(i == j) for j in range(n)] for i in range(n)])  # identity matrix\n",
        "\n",
        "    # at each step we transform the r column of A\n",
        "\n",
        "    for r in range(n - 1):\n",
        "        # calculate Pr - reflection matrix\n",
        "        # calculate beta\n",
        "        sigma = sum(A[i][r] ** 2 for i in range(r, n))\n",
        "\n",
        "        if sigma <= epsilon:  # A is singular\n",
        "            break\n",
        "\n",
        "        k = sqrt(sigma)\n",
        "        if A[r][r] >= 0:\n",
        "            k = -k\n",
        "\n",
        "        beta = sigma - k * A[r][r]\n",
        "\n",
        "        # calculate vector u\n",
        "        u[r] = A[r][r] - k\n",
        "        for i in range(r + 1, n):\n",
        "            u[i] = A[i][r]\n",
        "\n",
        "        # A = Pr * A\n",
        "        # transform columns r+1 ... n of A\n",
        "        for j in range(r + 1, n):\n",
        "            y = sum(u[i] * A[i][j] for i in range(r, n)) / beta\n",
        "            for i in range(r, n):\n",
        "                A[i][j] -= y * u[i]\n",
        "\n",
        "        # transform column r of A\n",
        "        A[r][r] = k\n",
        "        for i in range(r + 1, n):\n",
        "            A[i][r] = 0\n",
        "\n",
        "        \"\"\" #b = Pr * b\n",
        "        y = sum(u[i] * b[i] for i in range(r, n)) / beta\n",
        "        for i in range(r, n):\n",
        "            b[i] -= y * u[i] \"\"\"\n",
        "\n",
        "        # Qt = Pr * Qt , same transforms as to A\n",
        "        for j in range(n):\n",
        "            y = sum(u[i] * Qt[i][j] for i in range(r, n)) / beta\n",
        "            for i in range(r, n):\n",
        "                Qt[i][j] -= y * u[i]\n",
        "\n",
        "    return Qt, A\n",
        "\n",
        "\n",
        "def backward_substitution(a, b, n):\n",
        "    solution = [0.0 for _ in range(n)]\n",
        "    solution[n - 1] = b[n - 1] / a[n - 1][n - 1]\n",
        "\n",
        "    for i in range(n - 2, -1, -1):\n",
        "        result = b[i]\n",
        "        for j in range(i + 1, n):\n",
        "            result -= a[i][j] * solution[j]\n",
        "\n",
        "        solution[i] = result / a[i][i]\n",
        "\n",
        "    return solution\n",
        "\n",
        "\n",
        "def find_x_with_householder(A, n, b_init):\n",
        "    Qt, R = householder_decomposition(A, n)\n",
        "    Qtb = matrix_vector_mult(Qt, b_init, n)\n",
        "\n",
        "    # solve system Rx = QTb\n",
        "    return backward_substitution(R, Qtb, n)\n",
        "\n",
        "\n",
        "def matrix_transpose(A, n):\n",
        "    return np.array([[A[j][i] for j in range(n)] for i in range(n)])\n",
        "\n",
        "\n",
        "def find_x_with_library(A, n, b):\n",
        "    Q, R = scipy.linalg.qr(A_init)\n",
